
% The true value of all test points measured by a total station accurately

%   Coded by Yi Jin

%% AnterRoom test points 1-110
Points_Anterroom_o = [18.352,12.484,1.008;
18.344, 11.979, 1.008;
18.360, 11.478, 1.006;
18.347, 10.983, 1.005;
18.363, 10.495, 1.003;
17.844, 12.484, 1.008;
17.847, 11.985, 1.009;
17.844, 11.481, 1.010;
17.856, 10.990, 1.006;
17.849, 10.497, 1.005;
17.354, 12.479, 1.008;
17.351, 11.981, 1.009;
17.353, 11.473, 1.009;
17.348, 10.981, 1.006;
17.350, 10.484, 1.005;
16.843, 12.479, 1.009;
16.849, 11.977, 1.009;
16.858, 11.475, 1.009;
16.861, 10.980, 1.006;
16.864, 10.482, 1.004;
16.355, 12.473, 1.008;
16.353, 11.980, 1.010;
16.357, 11.470, 1.009;
16.360, 10.980, 1.006;
16.371, 10.489, 1.005;
15.855, 12.480, 1.007;
15.850, 11.973, 1.009;
15.856, 11.475, 1.008;
15.855, 10.975, 1.007;
15.873, 10.499, 1.006;
15.331, 12.464, 1.008;
15.343, 11.968, 1.007;
15.344, 11.472, 1.008;
15.351, 10.992, 1.007;
15.363, 10.535, 1.006;
14.851, 12.463, 1.004;
14.843, 11.966, 1.006;
14.851, 11.471, 1.006;
14.856, 10.979, 1.005;
14.874, 10.535, 1.005;
14.356, 12.462, 1.005;
14.355, 11.966, 1.004;
14.355, 11.467, 1.004;
14.357, 10.976, 1.004;
14.364, 10.503, 1.003;
13.856, 12.439, 1.005;
13.856, 11.945, 1.003;
13.854, 11.460, 1.000;
13.365, 12.446, 1.004;
13.369, 11.947, 1.002;
13.365, 11.451, 1.000;
12.878, 12.444, 1.004;
12.869, 11.941, 1.002;
12.876, 11.446, 1.001;
12.888, 10.950, 0.998;
12.895, 10.473, 1.002;
12.380, 12.441, 1.005;
12.384, 11.946, 1.004;
12.390, 11.449, 1.004;
12.401, 10.959, 1.002;
12.401, 10.472, 1.003;
11.892, 12.445, 1.006;
11.894, 11.953, 1.006;
11.891, 11.454, 1.006;
11.908, 10.969, 1.006;
11.904, 10.476, 1.006;
11.375, 12.452, 1.005;
11.377, 11.946, 1.006;
11.382, 11.447, 1.008;
11.391, 10.964, 1.008;
11.392, 10.479, 1.010;
10.886, 12.444, 1.005;
10.885, 11.953, 1.007;
10.885, 11.459, 1.008;
10.879, 10.966, 1.008;
10.889, 10.468, 1.010;
10.380, 12.456, 1.006;
10.375, 11.951, 1.007;
10.381, 11.453, 1.007;
10.381, 10.952, 1.007;
10.386, 10.468, 1.009;
9.882, 12.452, 1.007;
9.878, 11.945, 1.007;
9.882, 11.448, 1.007;
9.887, 10.962, 1.008;
9.876, 10.467, 1.009;
9.381, 12.444, 1.008;
9.385, 11.953, 1.008;
9.380, 11.450, 1.008;
9.376, 10.948, 1.008;
9.379, 10.453, 1.009;
8.882, 12.445, 1.007;
8.888, 11.946, 1.009;
8.876, 11.445, 1.009;
8.872, 10.943, 1.008;
8.873, 10.449, 1.008;
8.361, 12.439, 1.007;
8.376, 11.951, 1.009;
8.374, 11.447, 1.009;
8.374, 10.964, 1.009;
8.366, 10.451, 1.008;
7.888, 12.430, 1.008;
7.869, 11.950, 1.008;
7.873, 11.445, 1.008;
7.868, 10.950, 1.008;
7.871, 10.454, 1.007;];
Points_Anterroom = Points_Anterroom_o;
Points_Anterroom(:,1) = 13.589 - (Points_Anterroom_o(:,1)-13.589);  


%% Breakroom (also tearoom) test points 
Points_Tearoom_o = [
% grid points
15.858, 0.350, 0.999;
14.861, 0.350, 1.000;
13.847, 0.338, 0.999;
12.859, 0.334, 0.999;
11.859, 0.331, 1.001;
15.861, 1.352, 1.000;
14.865, 1.340, 1.002;
13.866, 1.334, 1.003;
12.869, 1.333, 1.003;
11.847, 1.329, 1.002;
15.863, 2.339, 1.007;
14.857, 2.334, 1.008;
13.849, 2.328, 1.009;
12.839, 2.32, 1.008;
11.854, 2.335, 1.004;
15.849, 3.34, 1.006;
14.850, 3.338, 1.007;
% scatter points
15.231, 1.065, 1.002;
11.136, 0.859, 1.002;
12.130, 3.863, 0.998;
14.356, 2.855, 1.010;
12.151, 1.060, 1.003;
16.758, 2.732, 1.006;
17.083, 1.428, 0.999;
];
Points_Tearoom = Points_Tearoom_o;
Points_Tearoom(:,2) = 2.531 - (Points_Tearoom_o(:,2)-2.531);  








